Sales Month,Monthly Sales,Year to Date,Monthly Sales,Year to Date,Monthly Sales,Year to Date,Total to Date
1/1/2014,"$32,541,720 ","$32,541,720 ","$14,022,213 ","$14,022,213 ","$46,563,933 ","$46,563,933 ","$46,563,933 "
2/1/2014,"$31,738,572 ","$64,280,292 ","$14,248,473 ","$28,270,686 ","$45,987,045 ","$92,550,978 ","$92,550,978 "
3/1/2014,"$34,821,878 ","$99,102,170 ","$19,881,631 ","$48,152,317 ","$54,703,509 ","$147,254,487 ","$147,254,487 "
4/1/2014,"$32,686,869 ","$131,789,039 ","$20,765,986 ","$68,918,303 ","$53,452,855 ","$200,707,342 ","$200,707,342 "
5/1/2014,"$31,355,208 ","$163,144,247 ","$21,375,001 ","$90,293,304 ","$52,730,209 ","$253,437,551 ","$253,437,551 "
6/1/2014,"$29,950,309 ","$193,094,556 ","$23,978,082 ","$114,271,386 ","$53,928,391 ","$307,365,942 ","$307,365,942 "
7/1/2014,"$31,137,623 ","$224,232,179 ","$29,866,792 ","$144,138,178 ","$61,004,415 ","$368,370,357 ","$368,370,357 "
8/1/2014,"$33,912,226 ","$258,144,405 ","$33,520,608 ","$177,658,786 ","$67,432,834 ","$435,803,191 ","$435,803,191 "
9/1/2014,"$32,721,238 ","$290,865,643 ","$30,345,357 ","$208,004,143 ","$63,066,595 ","$498,869,786 ","$498,869,786 "
10/1/2014,"$31,779,216 ","$322,644,859 ","$31,185,985 ","$239,190,128 ","$62,965,201 ","$561,834,987 ","$561,834,987 "
11/1/2014,"$28,978,462 ","$351,623,321 ","$29,470,126 ","$268,660,254 ","$58,448,588 ","$620,283,575 ","$620,283,575 "
12/1/2014,"$28,660,719 ","$380,284,040 ","$34,579,445 ","$303,239,699 ","$63,240,164 ","$683,523,739 ","$683,523,739 "
1/1/2015,"$30,181,833 ","$30,181,833 ","$37,224,033 ","$37,224,033 ","$67,405,866 ","$67,405,866 ","$750,929,605 "
2/1/2015,"$29,066,073 ","$59,247,906 ","$35,843,189 ","$73,067,222 ","$64,909,262 ","$132,315,128 ","$815,838,867 "
3/1/2015,"$32,820,548 ","$92,068,454 ","$42,952,626 ","$116,019,848 ","$75,773,174 ","$208,088,302 ","$891,612,041 "
4/1/2015,"$32,878,517 ","$124,946,971 ","$43,832,944 ","$159,852,792 ","$76,711,461 ","$284,799,763 ","$968,323,502 "
5/1/2015,"$33,609,116 ","$158,556,087 ","$44,590,853 ","$204,443,645 ","$78,199,969 ","$362,999,732 ","$1,046,523,471 "
6/1/2015,"$34,552,396 ","$193,108,483 ","$46,460,218 ","$250,903,863 ","$81,012,614 ","$444,012,346 ","$1,127,536,085 "
7/1/2015,"$40,611,139 ","$233,719,622 ","$55,315,111 ","$306,218,974 ","$95,926,250 ","$539,938,596 ","$1,223,462,335 "
8/1/2015,"$40,819,368 ","$274,538,990 ","$57,679,482 ","$363,898,456 ","$98,498,850 ","$638,437,446 ","$1,321,961,185 "
9/1/2015,"$39,991,813 ","$314,530,803 ","$53,639,366 ","$417,537,822 ","$93,631,179 ","$732,068,625 ","$1,415,592,364 "
10/1/2015,"$36,742,780 ","$351,273,583 ","$54,467,764 ","$472,005,586 ","$91,210,544 ","$823,279,169 ","$1,506,802,908 "
11/1/2015,"$30,770,436 ","$382,044,019 ","$49,453,755 ","$521,459,341 ","$80,224,191 ","$903,503,360 ","$1,587,027,099 "
12/1/2015,"$36,010,893 ","$418,054,912 ","$56,077,002 ","$577,536,343 ","$92,087,895 ","$995,591,255 ","$1,679,114,994 "
1/1/2016,"$32,860,544 ","$32,860,544 ","$55,896,018 ","$55,896,018 ","$88,756,562 ","$88,756,562 ","$1,767,871,556 "
2/1/2016,"$34,019,234 ","$66,879,778 ","$57,045,314 ","$112,941,332 ","$91,064,548 ","$179,821,110 ","$1,858,936,104 "
3/1/2016,"$38,116,173 ","$104,995,951 ","$65,121,388 ","$178,062,720 ","$103,237,561 ","$283,058,671 ","$1,962,173,665 "
4/1/2016,"$38,294,503 ","$143,290,454 ","$63,841,328 ","$241,904,048 ","$102,135,831 ","$385,194,502 ","$2,064,309,496 "
5/1/2016,"$37,636,295 ","$180,926,749 ","$63,831,071 ","$305,735,119 ","$101,467,366 ","$486,661,868 ","$2,165,776,862 "
6/1/2016,"$38,177,550 ","$219,104,299 ","$67,881,863 ","$373,616,982 ","$106,059,413 ","$592,721,281 ","$2,271,836,275 "
7/1/2016,"$40,129,985 ","$259,234,284 ","$81,478,447 ","$455,095,429 ","$121,608,432 ","$714,329,713 ","$2,393,444,707 "
8/1/2016,"$41,056,948 ","$300,291,232 ","$84,055,363 ","$539,150,792 ","$125,112,311 ","$839,442,024 ","$2,518,557,018 "
9/1/2016,"$39,672,483 ","$339,963,715 ","$86,137,409 ","$625,288,201 ","$125,809,892 ","$965,251,916 ","$2,644,366,910 "
10/1/2016,"$35,940,555 ","$375,904,270 ","$80,695,313 ","$705,983,514 ","$116,635,868 ","$1,081,887,784 ","$2,761,002,778 "
11/1/2016,"$34,839,439 ","$410,743,709 ","$74,382,892 ","$780,366,406 ","$109,222,331 ","$1,191,110,115 ","$2,870,225,109 "
12/1/2016,"$34,872,353 ","$445,616,062 ","$81,221,005 ","$861,587,411 ","$116,093,358 ","$1,307,203,473 ","$2,986,318,467 "
1/1/2017,"$31,712,608 ","$31,712,608 ","$76,018,423 ","$76,018,423 ","$107,731,031 ","$107,731,031 ","$3,094,049,498 "
2/1/2017,"$31,074,413 ","$62,787,021 ","$75,665,966 ","$151,684,389 ","$106,740,379 ","$214,471,410 ","$3,200,789,877 "
3/1/2017,"$37,451,683 ","$100,238,704 ","$92,912,147 ","$244,596,536 ","$130,363,830 ","$344,835,240 ","$3,331,153,707 "
4/1/2017,"$38,049,392 ","$138,288,096 ","$86,223,281 ","$330,819,817 ","$124,272,673 ","$469,107,913 ","$3,455,426,380 "
5/1/2017,"$36,521,894 ","$174,809,990 ","$87,012,525 ","$417,832,342 ","$123,534,419 ","$592,642,332 ","$3,578,960,799 "
6/1/2017,"$36,125,578 ","$210,935,568 ","$92,825,639 ","$510,657,981 ","$128,951,217 ","$721,593,549 ","$3,707,912,016 "
7/1/2017,"$35,256,994 ","$246,192,562 ","$101,037,453 ","$611,695,434 ","$136,294,447 ","$857,887,996 ","$3,844,206,463 "
8/1/2017,"$36,921,075 ","$283,113,637 ","$101,548,082 ","$713,243,516 ","$138,469,157 ","$996,357,153 ","$3,982,675,620 "
9/1/2017,"$35,518,033 ","$318,631,670 ","$100,280,636 ","$813,524,152 ","$135,798,669 ","$1,132,155,822 ","$4,118,474,289 "
10/1/2017,"$34,082,247 ","$352,713,917 ","$93,623,919 ","$907,148,071 ","$127,706,166 ","$1,259,861,988 ","$4,246,180,455 "
11/1/2017,"$31,878,468 ","$384,592,385 ","$87,689,309 ","$994,837,380 ","$119,567,777 ","$1,379,429,765 ","$4,365,748,232 "
12/1/2017,"$31,924,397 ","$416,516,782 ","$96,348,057 ","$1,091,185,437 ","$128,272,454 ","$1,507,702,219 ","$4,494,020,686 "
1/1/2018,"$29,263,308 ","$29,263,308 ","$88,729,914 ","$88,729,914 ","$117,993,222 ","$117,993,222 ","$4,612,013,908 "
2/1/2018,"$26,640,302 ","$55,903,610 ","$85,869,215 ","$174,599,129 ","$112,509,517 ","$230,502,739 ","$4,724,523,425 "
3/1/2018,"$29,238,678 ","$85,142,288 ","$105,945,278 ","$280,544,407 ","$135,183,956 ","$365,686,695 ","$4,859,707,381 "
4/1/2018,"$27,019,073 ","$112,161,361 ","$97,290,806 ","$377,835,213 ","$124,309,879 ","$489,996,574 ","$4,984,017,260 "
5/1/2018,"$26,225,775 ","$138,387,136 ","$96,642,441 ","$474,477,654 ","$122,868,216 ","$612,864,790 ","$5,106,885,476 "
6/1/2018,"$27,096,966 ","$165,484,102 ","$102,426,064 ","$576,903,718 ","$129,523,030 ","$742,387,820 ","$5,236,408,506 "
7/1/2018,"$27,239,015 ","$192,723,116 ","$111,296,569 ","$688,200,287 ","$138,535,584 ","$880,923,403 ","$5,374,944,089 "
8/1/2018,"$28,323,863 ","$221,046,979 ","$112,998,245 ","$801,198,532 ","$141,322,108 ","$1,022,245,511 ","$5,516,266,197 "
9/1/2018,"$27,897,573 ","$248,944,551 ","$107,638,880 ","$908,837,412 ","$135,536,453 ","$1,157,781,963 ","$5,651,802,649 "
10/1/2018,"$27,919,377 ","$276,863,929 ","$101,305,394 ","$1,010,142,806 ","$129,224,771 ","$1,287,006,735 ","$5,781,027,421 "
11/1/2018,"$26,062,807 ","$302,926,736 ","$97,877,084 ","$1,108,019,890 ","$123,939,891 ","$1,410,946,626 ","$5,904,967,312 "
12/1/2018,"$29,246,755 ","$332,173,491 ","$105,497,699 ","$1,213,517,589 ","$134,744,454 ","$1,545,691,080 ","$6,039,711,766 "
1/1/2019,"$25,680,596 ","$25,680,596 ","$99,193,678 ","$99,193,678 ","$124,874,274 ","$124,874,274 ","$6,164,586,040 "
2/1/2019,"$24,082,927 ","$49,763,523 ","$95,324,933 ","$194,518,611 ","$119,407,860 ","$244,282,134 ","$6,283,993,900 "
3/1/2019,"$28,097,865 ","$77,861,388 ","$114,317,739 ","$308,836,350 ","$142,415,604 ","$386,697,738 ","$6,426,409,503 "
4/1/2019,"$27,943,394 ","$105,804,782 ","$107,938,775 ","$416,775,125 ","$135,882,169 ","$522,579,907 ","$6,562,291,672 "
5/1/2019,"$29,446,360 ","$135,251,142 ","$113,660,919 ","$530,436,044 ","$143,107,279 ","$665,687,186 ","$6,705,398,952 "
6/1/2019,"$29,653,362 ","$164,904,504 ","$122,372,729 ","$652,808,773 ","$152,026,091 ","$817,713,277 ","$6,857,425,043 "
7/1/2019,"$30,389,970 ","$195,294,474 ","$135,904,745 ","$788,713,518 ","$166,294,715 ","$984,007,992 ","$7,023,719,758 "
8/1/2019,"$31,350,310 ","$226,644,784 ","$141,869,549 ","$930,583,067 ","$173,219,859 ","$1,157,227,851 ","$7,196,939,616 "
9/1/2019,"$28,601,353 ","$255,246,136 ","$126,853,814 ","$1,057,436,881 ","$155,455,167 ","$1,312,683,017 ","$7,352,394,783 "
10/1/2019,"$29,229,660 ","$284,475,797 ","$121,246,599 ","$1,178,683,480 ","$150,476,259 ","$1,463,159,277 ","$7,502,871,042 "
11/1/2019,"$26,697,731 ","$311,173,528 ","$114,381,244 ","$1,293,064,724 ","$141,078,975 ","$1,604,238,252 ","$7,643,950,018 "
12/1/2019,"$27,314,662 ","$338,488,190 ","$116,437,714 ","$1,409,502,438 ","$143,752,376 ","$1,747,990,628 ","$7,787,702,393 "
1/1/2020,"$27,471,535 ","$27,471,535 ","$111,660,730 ","$111,660,730 ","$139,132,265 ","$139,132,265 ","$7,926,834,659 "
2/1/2020,"$26,557,708 ","$54,029,243 ","$112,068,640 ","$223,729,370 ","$138,626,348 ","$277,758,613 ","$8,065,461,006 "
3/1/2020,"$32,929,194 ","$86,958,437 ","$128,117,512 ","$351,846,882 ","$161,046,706 ","$438,805,319 ","$8,226,507,713 "
4/1/2020,"$36,485,700 ","$123,444,138 ","$112,010,018 ","$463,856,900 ","$148,495,718 ","$587,301,038 ","$8,375,003,431 "
5/1/2020,"$42,989,322 ","$166,433,459 ","$149,186,615 ","$613,043,515 ","$192,175,937 ","$779,476,974 ","$8,567,179,368 "
6/1/2020,"$40,770,582 ","$207,204,042 ","$158,102,628 ","$771,146,143 ","$198,873,210 ","$978,350,185 ","$8,766,052,578 "
7/1/2020,"$43,268,565 ","$250,472,606 ","$183,106,003 ","$954,252,146 ","$226,374,568 ","$1,204,724,752 ","$8,992,427,145 "
8/1/2020,"$42,034,746 ","$292,507,353 ","$176,566,595 ","$1,130,818,741 ","$218,601,341 ","$1,423,326,094 ","$9,211,028,487 "
9/1/2020,"$39,941,149 ","$332,448,501 ","$166,547,119 ","$1,297,365,860 ","$206,488,268 ","$1,629,814,361 ","$9,417,516,755 "
